# transform file /mnt/datasets/datalad/crawl-misc/hbn-ls/HBN_BIDS-fmriprep_try1/sourcedata/freesurfer/sub-NDARAG610XL4/mri/transforms/cc_up.lta
# created by yoh on Fri Dec 10 22:11:37 2021

type      = 0 # LINEAR_VOX_TO_VOX
nxforms   = 1
mean      = 130.0000 135.0000 113.0000
sigma     = 10000.0000
1 4 4
9.448543787002563e-01 7.245589047670364e-02 3.193749785423279e-01 -3.850909042358398e+01 
-6.864067912101746e-02 9.973716139793396e-01 -2.320158109068871e-02 1.777485656738281e+01 
-3.202166259288788e-01 0.000000000000000e+00 9.473443627357483e-01 6.004312896728516e+01 
0.000000000000000e+00 0.000000000000000e+00 0.000000000000000e+00 1.000000000000000e+00 
src volume info
valid = 1  # volume info valid
filename = /mnt/datasets/datalad/crawl-misc/hbn-ls/HBN_BIDS-fmriprep_try1/sourcedata/freesurfer/sub-NDARAG610XL4/mri/norm.mgz
volume = 256 256 256
voxelsize = 1.000000000000000e+00 1.000000000000000e+00 1.000000000000000e+00
xras   = -1.000000000000000e+00 0.000000000000000e+00 0.000000000000000e+00
yras   = 0.000000000000000e+00 0.000000000000000e+00 -1.000000000000000e+00
zras   = 0.000000000000000e+00 1.000000000000000e+00 0.000000000000000e+00
cras   = 1.381507873535156e+00 6.674476623535156e+00 2.164916992187500e+00
dst volume info
valid = 1  # volume info valid
filename = /mnt/datasets/datalad/crawl-misc/hbn-ls/HBN_BIDS-fmriprep_try1/sourcedata/freesurfer/sub-NDARAG610XL4/mri/norm.mgz
volume = 256 256 256
voxelsize = 1.000000000000000e+00 1.000000000000000e+00 1.000000000000000e+00
xras   = -1.000000000000000e+00 0.000000000000000e+00 0.000000000000000e+00
yras   = 0.000000000000000e+00 0.000000000000000e+00 -1.000000000000000e+00
zras   = 0.000000000000000e+00 1.000000000000000e+00 0.000000000000000e+00
cras   = 1.381507873535156e+00 6.674476623535156e+00 2.164916992187500e+00
